(520, 220, 803)
(700, 33, 137)
(440, 411, 740)
(390, 17, 741)
(740, 407, 590)
(871, 947, 740)
(155, 806, 467)
(90, 740, 2)
(527, 555, 235)
(740, 55, 220)
(740, 32, 840)
(865, 32, 32)
(740, 760, 70)
(740, 31, 504)
(527, 550, 235)
(520, 233, 803)
(821, 1, 480)
(740, 920, 318)
(405, 32, 520)
(138, 1, 595)
(156, 2, 861)
(36, 269, 140)
(226, 32, 2)
(520, 175, 2)
(90, 740, 362)
(350, 1, 740)
(740, 42, 741)
(60, 692, 269)
(740, 603, 240)
(390, 503, 740)
(740, 636, 2)
(226, 803, 2)
(740, 798, 3)
(154, 806, 469)
(1, 595, 142)
(740, 215, 2)
(621, 482, 1)
(740, 441, 2)
(740, 630, 240)
(740, 388, 231)
(690, 518, 740)
(740, 840, 13)
(740, 416, 741)
(90, 740, 60)
(32, 700, 740)
(289, 350, 761)
(520, 920, 320)
(504, 350, 240)
(390, 600, 617)
(151, 233, 803)
(871, 740, 637)
(409, 61, 740)
(740, 760, 519)
(319, 617, 255)
(520, 235, 803)
(220, 500, 520)
(842, 391, 297)
(226, 415, 2)
(527, 550, 33)
(368, 3, 742)
(740, 455, 2)
(740, 269, 792)
(740, 636, 240)
(740, 255, 920)
(34, 700, 335)
(740, 176, 240)
(740, 721, 2)
(450, 617, 740)
(820, 740, 176)
(740, 390, 590)
(740, 794, 734)
(740, 900, 3)
(520, 95, 33)
(32, 850, 32)
(740, 900, 5)
(390, 3, 480)
(740, 67, 741)
(740, 460, 510)
(621, 390, 844)
(740, 48, 741)
(621, 740, 231)
(97, 520, 33)
(740, 803, 741)
(233, 226, 32)
(400, 255, 400)
(621, 520, 231)
(740, 55, 240)
(740, 821, 741)
(740, 100, 235)
(741, 32, 840)
(224, 740, 61)
(740, 760, 705)
(740, 717, 415)
(700, 34, 400)
(400, 151, 336)
(226, 32, 231)
(220, 2, 63)
(408, 817, 920)
(740, 32, 55)
(520, 220, 2)
(679, 740, 235)
(103, 740, 803)
(151, 62, 820)
(740, 388, 235)
(400, 592, 140)
(413, 820, 220)
(740, 900, 741)
(740, 100, 140)
(740, 100, 456)
(740, 585, 220)
(527, 550, 233)
(740, 440, 240)
(33, 706, 233)
(705, 32, 595)
(856, 260, 832)
(234, 803, 741)
(740, 100, 806)
(740, 803, 233)
(622, 740, 368)
(740, 100, 798)
(390, 95, 909)
(226, 3, 2)
(861, 520, 220)
(368, 1, 550)
(871, 400, 740)
(90, 740, 760)
(416, 1, 520)
(740, 690, 435)
(527, 550, 240)
(850, 453, 64)
(817, 740, 740)
(390, 840, 233)
(740, 626, 176)
(740, 760, 49)
(90, 740, 400)
(740, 879, 220)
(151, 390, 590)
(390, 697, 151)
(390, 700, 790)
(740, 760, 268)
(740, 585, 798)
(1, 368, 861)
(527, 554, 1)
(740, 585, 17)
(861, 892, 692)
(407, 845, 140)
(520, 240, 740)
(411, 440, 236)
(712, 840, 400)
(700, 33, 400)
(324, 255, 1)
(520, 70, 220)
(740, 803, 220)
(32, 316, 33)
(31, 850, 140)
(861, 920, 220)
(740, 760, 220)
(289, 350, 590)
(405, 845, 686)
(520, 400, 350)
(159, 243, 1)
(405, 32, 900)
(740, 923, 220)
(154, 806, 471)
(520, 220, 31)
(740, 482, 55)
(32, 840, 267)
(740, 100, 692)
(407, 32, 520)
(740, 176, 390)
(151, 790, 31)
(742, 406, 482)
(679, 740, 220)
(617, 831, 2)
(33, 33, 368)
(688, 100, 240)
(407, 4, 2)
(740, 923, 240)
(520, 233, 220)
(740, 923, 70)
(520, 240, 2)
(137, 3, 1)
(226, 491, 742)
(740, 760, 921)
(140, 165, 740)
(850, 140, 803)
(740, 336, 2)
(740, 384, 32)
(405, 240, 740)
(407, 63, 845)
(740, 717, 233)
(241, 220, 32)
(33, 832, 236)
(740, 680, 90)
(90, 740, 32)
(740, 176, 31)
(241, 156, 590)
(65, 599, 706)
(32, 740, 791)
(740, 773, 2)
(406, 371, 220)
(700, 32, 702)
(173, 520, 235)
(740, 798, 220)
(740, 455, 176)
(400, 202, 892)
(740, 639, 240)
(32, 740, 222)
(921, 725, 740)
(450, 617, 33)
(520, 220, 3)
(740, 205, 32)
(520, 240, 741)
(520, 315, 2)
(151, 760, 220)
(740, 482, 803)
(892, 890, 417)
(400, 740, 405)
(426, 3, 2)
(740, 752, 17)
(390, 718, 790)
(407, 585, 33)
(679, 740, 176)
(440, 390, 368)
(740, 904, 233)
(740, 729, 407)
(740, 615, 495)
(874, 543, 350)
(33, 711, 335)
(817, 220, 632)
(700, 32, 690)
(390, 5, 2)
(32, 31, 32)
(740, 798, 803)
(820, 302, 596)
(423, 3, 1)
(90, 740, 220)
(167, 705, 368)
(858, 100, 585)
(97, 159, 33)
(740, 794, 630)
(690, 323, 690)
(740, 405, 590)
(817, 900, 241)
(740, 798, 231)
(740, 923, 235)
(32, 400, 740)
(874, 543, 520)
(151, 156, 2)
(527, 550, 740)
(527, 555, 33)
(2, 4, 328)
(740, 585, 900)
(740, 803, 2)
(65, 798, 706)
(32, 840, 221)
(740, 740, 1)
(390, 820, 460)
(700, 33, 711)
(741, 315, 850)
(621, 520, 220)
(904, 4, 821)
(368, 501, 821)
(226, 240, 235)
(817, 521, 90)
(740, 923, 33)
(90, 850, 32)
(400, 740, 798)
(400, 241, 31)
(151, 31, 90)
(407, 16, 1)
(740, 812, 33)
(740, 760, 820)
(851, 740, 705)
(679, 740, 575)
(740, 33, 711)
(682, 413, 740)
(820, 595, 32)
(791, 575, 740)
(154, 806, 468)
(390, 3, 2)
(520, 220, 415)
(740, 388, 220)
(520, 33, 706)
(520, 220, 32)
(154, 31, 1)
(700, 740, 690)
(740, 100, 1)
(740, 165, 900)
(400, 740, 690)
(740, 803, 892)
(298, 465, 33)
(817, 740, 194)
(700, 90, 740)
(740, 142, 61)
(740, 440, 231)
(740, 752, 460)
(861, 892, 220)
(405, 5, 1)
(700, 33, 740)
(892, 590, 894)
(740, 760, 72)
(236, 240, 33)
(740, 335, 233)
(740, 760, 335)
(520, 70, 255)
(740, 222, 2)
(408, 32, 520)
(621, 390, 531)
(740, 61, 2)
(740, 176, 1)
(1, 820, 595)
(400, 740, 335)
(154, 806, 472)
(416, 1, 565)
(740, 255, 705)
(595, 820, 100)
(740, 752, 1)
(400, 525, 550)
(527, 550, 741)
(1, 740, 923)
(400, 740, 904)
(817, 521, 521)
(740, 798, 460)
(740, 752, 175)
(165, 741, 31)
(700, 33, 151)
(740, 705, 171)
(33, 740, 142)
(390, 4, 2)
(390, 844, 240)
(457, 165, 900)
(740, 384, 90)
(740, 100, 233)
(527, 555, 740)
(700, 34, 100)
(700, 400, 807)
(740, 772, 240)
(861, 495, 368)
(32, 151, 740)
(740, 900, 790)
(700, 32, 740)
(842, 32, 31)
(740, 877, 32)
(740, 400, 142)
(740, 904, 220)
(565, 740, 798)
(156, 3, 60)
(740, 861, 877)
(742, 740, 482)
(740, 760, 840)
(740, 55, 2)
(520, 233, 49)
(257, 955, 32)
(621, 740, 798)
(390, 844, 60)
(865, 685, 32)
(930, 220, 60)
(740, 100, 415)
(125, 435, 255)
(416, 1, 740)
(400, 297, 352)
(158, 806, 468)
(740, 176, 220)
(590, 615, 232)
(740, 752, 440)
(740, 904, 33)
(740, 927, 32)
(605, 740, 142)
(740, 384, 2)
(426, 3, 1)
(520, 70, 219)
(740, 773, 231)
(520, 70, 33)
(740, 175, 415)
(394, 32, 2)
(700, 34, 690)
(740, 798, 745)
(740, 752, 70)
(520, 233, 240)
(617, 142, 1)
(520, 382, 32)
(920, 706, 193)
(151, 350, 2)
(740, 900, 482)
(60, 740, 269)
(740, 55, 33)
(617, 243, 741)
(740, 460, 741)
(215, 1, 480)
(90, 740, 103)
(700, 740, 702)
(590, 615, 140)
(520, 70, 233)
(215, 31, 480)
(151, 740, 760)
(390, 920, 322)
(740, 798, 233)
(90, 740, 792)
(130, 32, 820)
(151, 382, 31)
(151, 243, 31)
(740, 717, 240)
(740, 16, 2)
(151, 337, 484)
(72, 170, 740)
(527, 555, 231)
(740, 482, 1)
(621, 740, 2)
(892, 70, 590)
(390, 128, 701)
(494, 615, 179)
(740, 176, 32)
(400, 760, 740)
(740, 503, 235)
(892, 590, 794)
(842, 871, 192)
(33, 413, 893)
(740, 100, 175)
(740, 760, 61)
(527, 550, 803)
(319, 690, 255)
(740, 760, 440)
(740, 560, 233)
(161, 390, 590)
(740, 904, 240)
(700, 33, 900)
(740, 460, 503)
(400, 740, 920)
(526, 555, 235)
(740, 630, 155)
(740, 900, 850)
(405, 4, 1)
(384, 575, 706)
(520, 70, 921)
(400, 740, 760)
(740, 455, 235)
(909, 5, 4)
(520, 33, 705)
(161, 233, 220)
(407, 4, 1)
(400, 740, 176)
(700, 388, 134)
(415, 798, 2)
(740, 760, 1)
(892, 374, 740)
(409, 190, 2)
(565, 31, 416)
(740, 140, 717)
(740, 773, 240)
(90, 740, 231)
(400, 740, 923)
(400, 740, 840)
(405, 844, 32)
(740, 31, 904)
(740, 806, 240)
(740, 32, 923)
(90, 740, 531)
(354, 1, 740)
(690, 740, 690)
(740, 575, 17)
(798, 821, 1)
(740, 94, 220)
(161, 55, 240)
(740, 100, 585)
(527, 554, 298)
(400, 740, 32)
(232, 220, 32)
(617, 55, 435)
(151, 279, 142)
(423, 3, 60)
(405, 3, 2)
(740, 798, 240)
(679, 740, 240)
(740, 482, 240)
(740, 338, 605)
(740, 773, 33)
(740, 585, 2)
(440, 390, 32)
(740, 798, 405)
(250, 605, 626)
(790, 740, 100)
(740, 637, 240)
(617, 142, 384)
(740, 892, 590)
(407, 321, 407)
(953, 817, 390)
(740, 416, 621)
(151, 61, 2)
(740, 923, 741)
(226, 32, 798)
(740, 604, 142)
(740, 760, 240)
(407, 5, 741)
(740, 388, 807)
(1, 304, 354)
(921, 100, 415)
(286, 645, 1)
(700, 33, 807)
(90, 740, 255)
(865, 226, 32)
(382, 760, 382)
(151, 220, 16)
(400, 921, 690)
(90, 740, 240)
(400, 90, 740)
(241, 803, 2)
(405, 61, 527)
(621, 740, 900)
(621, 390, 4)
(400, 740, 220)
(740, 60, 390)
(400, 296, 350)
(740, 773, 156)
(682, 413, 840)
(64, 840, 140)
(521, 368, 280)
(527, 388, 233)
(527, 555, 240)
(3, 1, 520)
(740, 752, 6)
(232, 740, 176)
(368, 821, 55)
(90, 740, 101)
(129, 817, 310)
(390, 17, 2)
(740, 440, 741)
(90, 740, 222)
(400, 892, 81)
(740, 443, 388)
(740, 100, 904)
(520, 233, 2)
(90, 740, 920)
(705, 240, 235)
(400, 740, 585)
(307, 762, 2)
(740, 817, 390)
(422, 3, 1)
(740, 176, 33)
(244, 165, 879)
(740, 927, 231)
(407, 61, 845)
(740, 760, 17)
(740, 269, 511)
(527, 550, 2)
(740, 585, 231)
(400, 150, 617)
(740, 776, 503)
(740, 388, 900)
(621, 740, 390)
(400, 740, 575)
(232, 240, 741)
(520, 233, 31)
(740, 482, 235)
(156, 176, 518)
(407, 61, 740)
(520, 240, 220)
(740, 923, 803)
(422, 3, 263)
(422, 3, 900)
(740, 838, 741)
(740, 32, 1)
(740, 565, 233)
(690, 90, 740)
(740, 904, 235)
(33, 33, 142)
(520, 231, 2)
(70, 740, 220)
(368, 1, 740)
(550, 740, 220)
(740, 483, 233)
(520, 72, 233)
(317, 890, 1)
(368, 501, 706)
(400, 740, 767)
(64, 31, 400)
(390, 34, 2)
(617, 142, 597)
(740, 765, 240)
(93, 340, 924)
(740, 222, 235)
(700, 33, 134)
(317, 740, 335)
(832, 904, 740)
(151, 240, 235)
(740, 406, 590)
(850, 700, 64)
(400, 740, 636)
(427, 3, 1)
(154, 803, 470)
(740, 615, 104)
(740, 336, 176)
(160, 90, 55)
(520, 240, 31)
(90, 740, 717)
(740, 927, 741)
(90, 740, 176)
(740, 645, 3)
(233, 798, 806)
(740, 910, 1)
(804, 220, 60)
(527, 555, 55)
(90, 326, 700)
(520, 400, 354)
(16, 2, 504)
(740, 554, 220)
(791, 575, 413)
(127, 381, 292)
(156, 3, 240)
(842, 374, 125)
(740, 760, 615)
(740, 760, 260)
(405, 61, 70)
(391, 2, 527)
(700, 740, 100)
(154, 806, 467)
(384, 892, 706)
(740, 760, 605)
(740, 760, 264)
(32, 31, 740)
(740, 100, 176)
(520, 460, 495)
(740, 380, 235)
(740, 337, 484)
(740, 760, 175)
(621, 220, 415)
(740, 760, 33)
(32, 31, 791)
(520, 220, 4)
(740, 373, 31)
(400, 595, 420)
(861, 292, 590)
(368, 33, 705)
(400, 740, 100)
(790, 296, 350)
(244, 740, 879)
(740, 483, 803)
(842, 535, 99)
(390, 590, 32)
(740, 267, 811)
(32, 31, 222)
(920, 440, 692)
(31, 840, 140)
(255, 60, 692)
(740, 923, 406)
(204, 630, 233)
(400, 740, 275)
(740, 176, 690)
(90, 740, 100)
(871, 740, 740)
(368, 840, 830)
(400, 97, 700)
(429, 3, 741)
(390, 844, 741)
(740, 803, 231)
(740, 920, 320)
(740, 760, 93)
(407, 5, 1)
(390, 16, 2)
(520, 220, 240)
(740, 176, 741)
(622, 740, 717)
(740, 773, 233)
(740, 861, 32)
(740, 798, 235)
(590, 705, 575)
(740, 617, 550)
(405, 4, 2)
(740, 142, 62)
(740, 7, 503)
(416, 590, 832)
(740, 140, 2)
(740, 100, 240)
(760, 31, 2)
(156, 176, 861)
(740, 904, 32)
(400, 527, 555)
(504, 350, 741)
(740, 440, 220)
(100, 904, 717)
(294, 350, 595)
(832, 390, 803)
(405, 18, 1)
(520, 70, 253)
(400, 520, 33)
(130, 32, 130)
(842, 374, 740)
(390, 717, 61)
(740, 760, 511)
(740, 770, 235)
(740, 760, 19)
(740, 585, 240)
(90, 740, 35)
(405, 61, 33)
(740, 17, 495)
(390, 844, 140)
(740, 231, 220)
(154, 806, 474)
(740, 455, 240)
(400, 456, 503)
(860, 520, 231)
(740, 760, 740)
(226, 803, 717)
(409, 32, 845)
(367, 390, 709)
(740, 760, 235)
(590, 705, 435)
(798, 806, 2)
(90, 740, 233)
(520, 233, 741)
