(520, 240, 220, 32)
(405, 61, 33, 705)
(423, 3, 1, 900)
(740, 55, 33, 706)
(740, 32, 840, 741)
(740, 585, 220, 130)
(36, 269, 140, 2)
(740, 142, 61, 31)
(740, 879, 220, 415)
(817, 521, 521, 740)
(520, 33, 705, 2)
(740, 100, 904, 33)
(1, 820, 595, 760)
(527, 550, 33, 706)
(520, 220, 415, 2)
(90, 740, 100, 220)
(740, 100, 176, 405)
(712, 840, 400, 740)
(740, 760, 240, 952)
(400, 90, 740, 220)
(740, 503, 235, 233)
(1, 304, 354, 125)
(904, 4, 821, 1)
(390, 3, 480, 368)
(865, 226, 32, 700)
(740, 100, 176, 840)
(622, 740, 368, 861)
(790, 296, 350, 892)
(405, 4, 2, 293)
(740, 861, 877, 741)
(156, 3, 240, 741)
(215, 1, 480, 306)
(700, 33, 400, 740)
(740, 630, 240, 33)
(90, 740, 240, 820)
(151, 390, 590, 2)
(740, 176, 741, 390)
(679, 740, 235, 2)
(740, 373, 31, 2)
(390, 5, 2, 861)
(740, 337, 484, 741)
(740, 7, 503, 2)
(740, 690, 435, 255)
(740, 100, 806, 472)
(520, 400, 350, 2)
(740, 760, 49, 2)
(740, 32, 840, 220)
(740, 100, 235, 233)
(390, 717, 61, 2)
(520, 233, 240, 220)
(740, 55, 220, 32)
(527, 550, 2, 125)
(32, 31, 791, 713)
(851, 740, 705, 924)
(407, 16, 1, 2)
(740, 615, 495, 240)
(504, 350, 240, 2)
(740, 760, 61, 60)
(60, 740, 269, 140)
(740, 812, 33, 240)
(621, 220, 415, 2)
(32, 850, 32, 530)
(400, 90, 740, 35)
(740, 760, 17, 503)
(520, 235, 803, 2)
(241, 220, 32, 2)
(740, 798, 460, 350)
(740, 840, 13, 745)
(740, 32, 840, 2)
(740, 100, 415, 240)
(791, 575, 413, 222)
(740, 32, 923, 382)
(740, 55, 240, 220)
(740, 760, 740, 952)
(740, 798, 745, 924)
(520, 33, 706, 233)
(740, 729, 407, 845)
(90, 740, 233, 60)
(740, 900, 3, 2)
(621, 520, 220, 60)
(740, 585, 17, 740)
(617, 243, 741, 615)
(740, 142, 61, 2)
(138, 1, 595, 752)
(1, 368, 861, 255)
(154, 31, 1, 520)
(154, 806, 469, 1)
(90, 740, 220, 235)
(740, 337, 484, 31)
(740, 721, 2, 301)
(740, 100, 415, 741)
(740, 760, 440, 240)
(740, 440, 741, 60)
(416, 1, 565, 740)
(400, 255, 400, 165)
(700, 34, 690, 368)
(165, 741, 31, 60)
(33, 706, 233, 220)
(151, 390, 590, 741)
(740, 33, 711, 335)
(520, 70, 253, 60)
(740, 405, 590, 32)
(390, 820, 460, 60)
(740, 483, 803, 626)
(740, 803, 233, 741)
(405, 240, 740, 176)
(740, 336, 2, 220)
(416, 1, 520, 240)
(409, 190, 2, 798)
(741, 315, 850, 1)
(740, 100, 798, 220)
(427, 3, 1, 165)
(400, 740, 767, 220)
(65, 798, 706, 928)
(400, 527, 555, 233)
(407, 845, 140, 740)
(407, 5, 1, 746)
(407, 61, 740, 923)
(790, 740, 100, 176)
(390, 4, 2, 390)
(740, 900, 482, 484)
(740, 255, 920, 60)
(740, 390, 590, 741)
(740, 838, 741, 390)
(215, 1, 480, 90)
(151, 62, 820, 500)
(520, 233, 2, 861)
(842, 535, 99, 4)
(400, 202, 892, 220)
(33, 33, 142, 61)
(740, 740, 1, 550)
(740, 482, 803, 745)
(520, 70, 255, 832)
(155, 806, 467, 1)
(921, 725, 740, 350)
(520, 233, 803, 60)
(740, 482, 55, 240)
(798, 821, 1, 480)
(226, 32, 231, 798)
(151, 740, 760, 220)
(740, 877, 32, 235)
(93, 340, 924, 220)
(740, 752, 175, 2)
(740, 176, 741, 440)
(740, 390, 590, 70)
(520, 33, 706, 231)
(527, 555, 740, 55)
(158, 806, 468, 740)
(90, 740, 920, 140)
(740, 904, 33, 741)
(740, 255, 705, 140)
(740, 904, 32, 60)
(740, 798, 220, 60)
(90, 740, 32, 840)
(423, 3, 60, 407)
(32, 740, 791, 713)
(400, 90, 740, 32)
(590, 705, 575, 920)
(400, 740, 840, 13)
(151, 240, 235, 741)
(842, 374, 125, 803)
(740, 55, 2, 861)
(740, 390, 590, 32)
(426, 3, 2, 388)
(740, 407, 590, 31)
(740, 770, 235, 2)
(368, 821, 55, 31)
(740, 798, 220, 742)
(740, 176, 32, 2)
(740, 760, 72, 921)
(520, 220, 2, 727)
(520, 233, 49, 2)
(740, 626, 176, 33)
(520, 220, 240, 741)
(817, 740, 740, 760)
(740, 176, 690, 435)
(400, 740, 920, 320)
(527, 555, 240, 2)
(384, 892, 706, 717)
(804, 220, 60, 550)
(32, 31, 222, 235)
(520, 233, 741, 81)
(400, 740, 220, 415)
(740, 100, 456, 1)
(151, 279, 142, 2)
(850, 140, 803, 2)
(820, 595, 32, 115)
(400, 740, 636, 240)
(892, 890, 417, 2)
(527, 550, 740, 240)
(740, 760, 175, 176)
(740, 483, 233, 235)
(90, 740, 176, 741)
(740, 900, 790, 407)
(740, 760, 820, 368)
(740, 773, 240, 900)
(520, 72, 233, 740)
(520, 33, 706, 220)
(400, 740, 176, 700)
(215, 31, 480, 140)
(405, 32, 900, 3)
(700, 33, 137, 790)
(415, 798, 2, 354)
(679, 740, 240, 60)
(565, 31, 416, 140)
(294, 350, 595, 820)
(526, 555, 235, 2)
(390, 844, 60, 575)
(368, 501, 821, 1)
(617, 142, 1, 368)
(740, 61, 2, 390)
(90, 740, 255, 705)
(520, 95, 33, 706)
(740, 900, 790, 233)
(605, 740, 142, 2)
(740, 798, 235, 1)
(90, 740, 222, 231)
(740, 798, 231, 2)
(156, 176, 861, 698)
(740, 752, 17, 503)
(621, 390, 4, 2)
(220, 500, 520, 2)
(154, 806, 472, 1)
(90, 740, 233, 2)
(740, 840, 13, 31)
(400, 150, 617, 55)
(390, 840, 233, 240)
(520, 220, 240, 798)
(740, 760, 33, 706)
(520, 233, 240, 803)
(407, 5, 741, 500)
(740, 752, 1, 595)
(740, 460, 741, 60)
(440, 411, 740, 335)
(390, 17, 741, 60)
(740, 803, 892, 31)
(450, 617, 740, 460)
(520, 70, 219, 2)
(740, 388, 900, 320)
(740, 100, 240, 235)
(233, 798, 806, 1)
(621, 740, 390, 590)
(32, 700, 740, 388)
(865, 685, 32, 741)
(842, 391, 297, 705)
(33, 832, 236, 741)
(617, 142, 597, 32)
(740, 752, 1, 33)
(384, 575, 706, 717)
(740, 460, 510, 250)
(226, 803, 2, 220)
(909, 5, 4, 151)
(740, 794, 734, 32)
(409, 61, 740, 235)
(679, 740, 176, 240)
(740, 637, 240, 2)
(740, 60, 390, 803)
(520, 33, 705, 803)
(740, 760, 705, 742)
(842, 374, 740, 803)
(740, 560, 233, 2)
(232, 220, 32, 2)
(520, 231, 2, 220)
(400, 740, 760, 220)
(440, 390, 368, 390)
(740, 861, 32, 233)
(740, 390, 590, 233)
(90, 740, 220, 16)
(405, 5, 1, 63)
(740, 585, 17, 33)
(740, 390, 590, 235)
(892, 374, 740, 760)
(520, 400, 354, 2)
(520, 33, 705, 236)
(865, 226, 32, 741)
(740, 760, 70, 255)
(161, 390, 590, 31)
(740, 100, 233, 220)
(740, 460, 503, 2)
(740, 717, 240, 2)
(740, 222, 235, 2)
(740, 32, 840, 585)
(520, 240, 31, 1)
(161, 390, 590, 2)
(151, 390, 590, 900)
(740, 61, 2, 400)
(740, 443, 388, 33)
(520, 33, 705, 235)
(368, 1, 740, 543)
(400, 740, 690, 436)
(865, 32, 32, 700)
(204, 630, 233, 832)
(791, 575, 740, 222)
(740, 100, 415, 191)
(400, 740, 335, 482)
(740, 760, 70, 921)
(740, 384, 32, 2)
(740, 636, 240, 204)
(740, 636, 240, 233)
(151, 220, 16, 2)
(103, 740, 803, 60)
(740, 798, 220, 415)
(527, 550, 240, 2)
(740, 255, 705, 2)
(842, 871, 192, 368)
(740, 48, 741, 250)
(740, 927, 741, 60)
(740, 100, 415, 740)
(137, 3, 1, 740)
(740, 773, 156, 2)
(740, 680, 90, 585)
(90, 850, 32, 60)
(405, 61, 33, 706)
(590, 705, 435, 255)
(740, 388, 231, 240)
(32, 740, 222, 235)
(407, 16, 1, 740)
(921, 100, 415, 904)
(700, 33, 151, 706)
(621, 520, 231, 240)
(861, 495, 368, 836)
(740, 61, 2, 455)
(595, 820, 100, 415)
(408, 32, 520, 95)
(34, 700, 335, 575)
(400, 740, 585, 838)
(740, 904, 32, 220)
(740, 798, 240, 60)
(920, 440, 692, 1)
(319, 617, 255, 140)
(407, 32, 520, 100)
(842, 871, 192, 740)
(740, 760, 605, 2)
(429, 3, 741, 60)
(740, 390, 590, 220)
(520, 233, 31, 2)
(740, 752, 460, 495)
(740, 455, 176, 2)
(408, 817, 920, 2)
(740, 927, 32, 741)
(151, 233, 803, 33)
(160, 90, 55, 60)
(740, 923, 33, 705)
(286, 645, 1, 368)
(407, 4, 2, 365)
(390, 718, 790, 2)
(705, 32, 595, 90)
(740, 765, 240, 1)
(740, 760, 511, 495)
(740, 390, 590, 231)
(140, 165, 740, 176)
(740, 900, 3, 806)
(151, 382, 31, 2)
(740, 388, 220, 4)
(740, 175, 415, 33)
(151, 156, 2, 252)
(740, 390, 590, 2)
(740, 32, 55, 1)
(832, 904, 740, 444)
(390, 590, 32, 2)
(127, 381, 292, 590)
(97, 159, 33, 705)
(520, 233, 803, 2)
(740, 803, 231, 60)
(740, 388, 235, 240)
(520, 175, 2, 295)
(740, 384, 2, 390)
(682, 413, 840, 61)
(226, 32, 798, 742)
(740, 645, 3, 741)
(740, 717, 233, 220)
(740, 269, 511, 233)
(740, 585, 231, 240)
(405, 61, 70, 32)
(520, 920, 320, 220)
(520, 33, 706, 235)
(682, 413, 740, 61)
(740, 904, 240, 2)
(740, 752, 70, 255)
(390, 5, 2, 455)
(740, 585, 17, 2)
(740, 42, 741, 60)
(861, 920, 220, 16)
(740, 904, 220, 32)
(700, 33, 711, 335)
(740, 94, 220, 32)
(740, 920, 318, 700)
(405, 4, 1, 2)
(740, 639, 240, 2)
(520, 33, 705, 60)
(740, 585, 240, 220)
(740, 405, 590, 220)
(740, 773, 2, 900)
(241, 156, 590, 706)
(740, 752, 6, 503)
(871, 740, 740, 798)
(740, 923, 803, 741)
(740, 760, 268, 233)
(740, 923, 406, 61)
(520, 240, 2, 405)
(527, 555, 55, 233)
(90, 740, 220, 742)
(740, 806, 240, 2)
(224, 740, 61, 2)
(520, 70, 921, 742)
(740, 336, 176, 2)
(740, 100, 175, 630)
(129, 817, 310, 350)
(400, 740, 923, 226)
(740, 100, 415, 904)
(32, 316, 33, 705)
(700, 33, 900, 645)
(390, 3, 2, 111)
(740, 384, 32, 803)
(740, 760, 705, 2)
(400, 520, 33, 705)
(450, 617, 33, 460)
(151, 337, 484, 2)
(861, 892, 220, 2)
(161, 233, 220, 32)
(740, 760, 1, 220)
(740, 575, 17, 31)
(740, 215, 2, 368)
(416, 590, 832, 741)
(821, 1, 480, 850)
(740, 100, 692, 491)
(700, 90, 740, 362)
(394, 32, 2, 892)
(850, 453, 64, 1)
(90, 740, 717, 770)
(520, 220, 415, 519)
(740, 100, 585, 741)
(400, 151, 336, 630)
(690, 323, 690, 60)
(406, 371, 220, 415)
(520, 233, 240, 60)
(871, 400, 740, 543)
(154, 806, 471, 407)
(740, 140, 717, 2)
(617, 142, 384, 32)
(416, 1, 740, 720)
(411, 440, 236, 220)
(740, 900, 850, 407)
(90, 740, 231, 560)
(405, 845, 686, 740)
(740, 760, 235, 2)
(390, 920, 322, 803)
(740, 405, 590, 235)
(90, 740, 100, 415)
(390, 3, 2, 125)
(740, 222, 2, 207)
(740, 900, 5, 741)
(368, 1, 550, 543)
(527, 550, 233, 2)
(740, 615, 104, 2)
(457, 165, 900, 60)
(232, 240, 741, 60)
(740, 32, 840, 233)
(390, 128, 701, 226)
(520, 220, 4, 2)
(159, 243, 1, 740)
(226, 240, 235, 60)
(90, 740, 35, 171)
(740, 100, 415, 176)
(740, 100, 415, 745)
(317, 740, 335, 740)
(520, 33, 706, 240)
(390, 697, 151, 740)
(740, 455, 235, 798)
(740, 482, 235, 2)
(892, 590, 794, 732)
(90, 740, 2, 861)
(740, 798, 231, 60)
(740, 17, 495, 235)
(817, 900, 241, 368)
(390, 17, 2, 220)
(32, 31, 740, 240)
(520, 33, 705, 220)
(679, 740, 220, 415)
(953, 817, 390, 125)
(368, 33, 705, 31)
(520, 220, 803, 741)
(740, 390, 590, 1)
(350, 1, 740, 362)
(740, 390, 590, 904)
(740, 100, 415, 927)
(920, 706, 193, 384)
(527, 555, 33, 706)
(72, 170, 740, 840)
(740, 690, 435, 176)
(740, 31, 504, 235)
(32, 840, 221, 150)
(520, 220, 240, 803)
(740, 407, 590, 220)
(740, 67, 741, 647)
(621, 390, 531, 2)
(740, 100, 240, 233)
(740, 752, 440, 220)
(740, 100, 415, 798)
(688, 100, 240, 233)
(740, 604, 142, 2)
(527, 550, 803, 2)
(740, 338, 605, 176)
(741, 32, 840, 740)
(617, 55, 435, 255)
(740, 760, 519, 240)
(405, 3, 2, 293)
(740, 390, 590, 60)
(740, 100, 176, 838)
(892, 70, 590, 495)
(740, 923, 235, 742)
(494, 615, 179, 100)
(679, 740, 575, 17)
(740, 798, 240, 235)
(740, 798, 233, 741)
(400, 90, 740, 400)
(527, 550, 240, 220)
(740, 205, 32, 2)
(173, 520, 235, 60)
(740, 16, 2, 920)
(740, 440, 220, 32)
(390, 844, 741, 31)
(161, 55, 240, 220)
(740, 460, 510, 235)
(31, 840, 140, 740)
(527, 555, 231, 240)
(740, 269, 792, 741)
(617, 142, 1, 407)
(90, 740, 220, 2)
(400, 740, 32, 60)
(226, 803, 717, 2)
(740, 798, 803, 2)
(740, 776, 503, 2)
(154, 806, 474, 1)
(520, 315, 2, 861)
(405, 18, 1, 220)
(874, 543, 520, 1)
(220, 2, 63, 840)
(90, 740, 220, 14)
(400, 740, 575, 17)
(740, 892, 590, 893)
(740, 900, 790, 220)
(407, 4, 1, 740)
(740, 176, 1, 367)
(622, 740, 717, 861)
(527, 554, 1, 297)
(32, 151, 740, 240)
(740, 803, 233, 2)
(740, 231, 220, 32)
(700, 32, 690, 436)
(740, 384, 90, 351)
(871, 947, 740, 543)
(125, 435, 255, 2)
(400, 592, 140, 3)
(740, 100, 176, 2)
(16, 2, 504, 342)
(520, 460, 495, 2)
(740, 615, 495, 2)
(740, 760, 33, 33)
(407, 4, 1, 745)
(422, 3, 1, 60)
(520, 382, 32, 2)
(874, 543, 350, 1)
(33, 33, 368, 390)
(621, 390, 844, 2)
(617, 142, 1, 595)
(740, 900, 3, 615)
(740, 388, 807, 33)
(90, 740, 60, 820)
(798, 806, 2, 904)
(90, 740, 103, 2)
(740, 441, 2, 820)
(700, 32, 702, 61)
(324, 255, 1, 405)
(740, 821, 741, 60)
(740, 923, 240, 2)
(740, 406, 590, 741)
(740, 165, 900, 60)
(740, 390, 590, 240)
(244, 165, 879, 220)
(400, 760, 740, 220)
(858, 100, 585, 741)
(391, 2, 527, 475)
(1, 595, 142, 717)
(130, 32, 820, 32)
(400, 740, 798, 365)
(740, 100, 176, 741)
(740, 760, 921, 235)
(520, 400, 350, 31)
(740, 760, 33, 705)
(400, 740, 760, 435)
(740, 717, 415, 836)
(740, 269, 511, 60)
(354, 1, 740, 405)
(400, 740, 904, 798)
(740, 482, 240, 2)
(151, 790, 31, 790)
(32, 31, 32, 530)
(226, 3, 2, 297)
(33, 740, 142, 61)
(550, 740, 220, 60)
(740, 585, 900, 2)
(740, 176, 220, 415)
(244, 740, 879, 220)
(740, 904, 235, 741)
(621, 740, 231, 560)
(520, 70, 33, 705)
(241, 803, 2, 850)
(740, 636, 240, 60)
(90, 740, 101, 2)
(90, 740, 101, 908)
(740, 100, 176, 422)
(90, 740, 760, 717)
(368, 501, 706, 1)
(504, 350, 741, 60)
(740, 407, 590, 690)
(400, 595, 420, 125)
(740, 575, 17, 60)
(413, 820, 220, 65)
(740, 927, 231, 60)
(90, 740, 220, 3)
(70, 740, 220, 3)
(617, 831, 2, 1)
(226, 32, 2, 390)
(740, 603, 240, 60)
(700, 32, 740, 335)
(527, 550, 741, 60)
(520, 220, 240, 2)
(234, 803, 741, 82)
(1, 740, 923, 33)
(32, 840, 267, 150)
(740, 923, 741, 390)
(740, 440, 231, 60)
(740, 142, 62, 2)
(740, 176, 33, 705)
(740, 760, 335, 741)
(705, 240, 235, 1)
(892, 590, 894, 140)
(154, 806, 467, 1)
(740, 760, 335, 220)
(400, 740, 100, 140)
(400, 241, 31, 60)
(426, 3, 1, 2)
(740, 32, 840, 33)
(90, 740, 240, 235)
(100, 904, 717, 220)
(527, 550, 33, 705)
(740, 636, 240, 817)
(400, 740, 100, 31)
(740, 554, 220, 415)
(740, 390, 590, 33)
(520, 220, 415, 240)
(740, 636, 240, 1)
(740, 267, 811, 832)
(390, 503, 740, 168)
(154, 806, 468, 1)
(690, 740, 690, 60)
(850, 700, 64, 1)
(740, 923, 70, 32)
(382, 760, 382, 2)
(820, 302, 596, 18)
(740, 440, 240, 1)
(520, 220, 415, 60)
(740, 575, 17, 220)
(740, 923, 220, 32)
(590, 615, 140, 240)
(407, 63, 845, 240)
(740, 760, 440, 90)
(740, 455, 2, 368)
(520, 233, 220, 240)
(740, 585, 798, 2)
(740, 760, 335, 2)
(832, 390, 803, 2)
(156, 176, 518, 220)
(817, 521, 90, 740)
(400, 456, 503, 337)
(740, 803, 2, 820)
(236, 240, 33, 705)
(233, 226, 32, 60)
(700, 400, 807, 740)
(740, 630, 240, 741)
(97, 520, 33, 705)
(740, 416, 621, 2)
(740, 416, 741, 60)
(33, 711, 335, 575)
(400, 921, 690, 435)
(740, 100, 415, 2)
(740, 705, 171, 360)
(390, 844, 240, 806)
(60, 692, 269, 140)
(400, 97, 700, 4)
(390, 4, 2, 705)
(319, 690, 255, 140)
(740, 760, 440, 60)
(740, 140, 2, 741)
(405, 32, 520, 95)
(520, 220, 32, 2)
(740, 760, 19, 2)
(842, 32, 31, 592)
(740, 7, 503, 626)
(90, 740, 100, 320)
(621, 520, 220, 2)
(700, 34, 400, 525)
(740, 482, 1, 550)
(740, 904, 32, 233)
(700, 388, 134, 368)
(700, 740, 702, 61)
(740, 176, 390, 90)
(740, 100, 240, 741)
(520, 240, 741, 590)
(740, 920, 320, 233)
(390, 34, 2, 374)
(679, 740, 220, 32)
(740, 773, 240, 2)
(400, 90, 740, 100)
(740, 772, 240, 60)
(930, 220, 60, 550)
(817, 740, 194, 760)
(740, 32, 1, 2)
(700, 32, 690, 365)
(440, 390, 32, 390)
(90, 740, 792, 2)
(740, 877, 32, 33)
(861, 892, 692, 2)
(32, 400, 740, 388)
(861, 520, 220, 16)
(90, 740, 792, 740)
(3, 1, 520, 240)
(527, 550, 740, 443)
(33, 413, 893, 405)
(520, 220, 31, 1)
(90, 740, 240, 575)
(520, 70, 233, 798)
(740, 575, 17, 2)
(740, 773, 231, 806)
(740, 760, 220, 16)
(65, 599, 706, 928)
(97, 159, 33, 740)
(520, 235, 803, 1)
(250, 605, 626, 60)
(527, 388, 233, 740)
(289, 350, 761, 32)
(617, 142, 1, 2)
(400, 740, 405, 590)
(232, 740, 176, 745)
(740, 900, 741, 2)
(820, 740, 176, 741)
(565, 740, 798, 235)
(151, 243, 31, 2)
(740, 760, 1, 240)
(151, 350, 2, 550)
(740, 798, 3, 2)
(390, 600, 617, 2)
(407, 321, 407, 845)
(255, 60, 692, 401)
(621, 482, 1, 550)
(151, 740, 760, 892)
(740, 817, 390, 2)
(527, 555, 235, 2)
(740, 803, 741, 31)
(700, 740, 100, 176)
(226, 415, 2, 269)
(740, 803, 220, 32)
(367, 390, 709, 2)
(520, 33, 705, 233)
(740, 55, 240, 235)
(527, 554, 298, 368)
(151, 760, 220, 3)
(400, 740, 760, 32)
(742, 406, 482, 235)
(156, 2, 861, 698)
(740, 760, 840, 552)
(90, 740, 362, 2)
(90, 740, 176, 2)
(400, 296, 350, 892)
(740, 617, 550, 61)
(740, 400, 142, 61)
(400, 297, 352, 892)
(400, 740, 275, 320)
(860, 520, 231, 803)
(390, 844, 140, 176)
(151, 61, 2, 252)
(740, 760, 260, 255)
(740, 585, 17, 240)
(97, 520, 33, 740)
(740, 910, 1, 740)
(690, 518, 740, 176)
(130, 32, 130, 32)
(390, 16, 2, 814)
(740, 630, 155, 2)
(2, 4, 328, 1)
(390, 95, 909, 5)
(156, 3, 60, 368)
(504, 350, 240, 741)
(740, 798, 405, 590)
(690, 90, 740, 176)
(407, 585, 33, 705)
(740, 585, 2, 130)
(167, 705, 368, 5)
(740, 482, 55, 220)
(861, 292, 590, 520)
(422, 3, 900, 740)
(621, 740, 798, 838)
(407, 4, 1, 617)
(871, 740, 637, 798)
(740, 565, 233, 2)
(740, 32, 840, 235)
(520, 33, 705, 231)
(740, 390, 590, 742)
(700, 34, 100, 176)
(154, 803, 470, 2)
(740, 255, 705, 741)
(740, 760, 440, 2)
(740, 760, 93, 2)
(31, 850, 140, 236)
(151, 31, 90, 32)
(400, 740, 100, 176)
(405, 844, 32, 840)
(740, 717, 233, 2)
(740, 760, 220, 255)
(520, 220, 3, 741)
(90, 740, 531, 60)
(590, 615, 232, 240)
(390, 128, 701, 2)
(856, 260, 832, 390)
(740, 900, 3, 803)
(400, 892, 81, 518)
(740, 760, 268, 2)
(740, 773, 33, 705)
(64, 31, 400, 521)
(740, 460, 503, 31)
(621, 740, 900, 2)
(740, 923, 240, 235)
(817, 220, 632, 66)
(740, 31, 904, 1)
(400, 525, 550, 33)
(521, 368, 280, 192)
(520, 233, 240, 235)
(740, 904, 33, 705)
(740, 405, 590, 806)
(409, 32, 845, 33)
(90, 740, 220, 55)
(740, 176, 240, 2)
(307, 762, 2, 460)
(740, 455, 240, 235)
(90, 326, 700, 920)
(700, 33, 807, 740)
(527, 550, 235, 2)
(520, 240, 740, 590)
(740, 636, 2, 817)
(740, 380, 235, 2)
(621, 740, 900, 3)
(740, 794, 630, 220)
(64, 840, 140, 740)
(842, 535, 99, 740)
(740, 585, 17, 741)
(605, 740, 142, 67)
(700, 740, 690, 436)
(740, 760, 615, 104)
(257, 955, 32, 578)
(742, 740, 482, 235)
(226, 491, 742, 705)
(527, 555, 231, 2)
(520, 33, 706, 60)
(390, 3, 2, 31)
(520, 70, 220, 32)
(407, 32, 520, 95)
(368, 3, 742, 60)
(740, 900, 5, 2)
(740, 773, 233, 2)
(740, 100, 1, 440)
(298, 465, 33, 705)
(407, 61, 845, 240)
(289, 350, 590, 32)
(740, 760, 615, 503)
(740, 904, 233, 240)
(700, 33, 740, 362)
(740, 760, 264, 231)
(740, 335, 233, 2)
(520, 33, 706, 2)
(740, 100, 140, 3)
(390, 700, 790, 32)
(422, 3, 263, 104)
(790, 740, 100, 405)
(90, 740, 400, 350)
(760, 31, 2, 861)
(740, 773, 240, 235)
(390, 4, 2, 861)
(368, 840, 830, 2)
(317, 890, 1, 32)
(405, 61, 527, 555)
(621, 740, 2, 861)
(617, 142, 1, 220)
(700, 33, 134, 368)
(740, 176, 31, 60)
